cayde__#0|jessalyn#0|jessalyn#0|greyrandal#0|cayde__#0|jessalyn#0|greyrandal#0|sage_of_justice#0|eleif#0|samdellsmith#0|.defender#0|natsumehonnaji#0|zakstorm#0|zakstorm#0|jessalyn#0|ruin_enjoyer#0|blackjack1977#0|zakstorm#0|spamm2500#0|phantomofchristmasfuture#0|npcdemon#0|ayucrow#0|ayucrow#0|tasha3624#0|lenpendragon#0|ayucrow#0|ayucrow#0|artificer_dragon#0|onetruemandalor#0|.chillbroswaggins#0|sophierose96#0|sherifmisho#0|sherifmisho#0|sherifmisho#0|spitefulchaos#0|c_allum#0|rattata_inamorata#0|emberbun#0|silouettes#0|.chillbroswaggins#0|eleif#0|lenpendragon#0|lenpendragon#0|thenobletheif#0|thenobletheif#0|artificer_dragon#0|meta_break#0|tdarklordcthulhu#0|thepandorica#0|thepandorica#0|c_allum#0|rattata_inamorata#0

Mujina|Aur|Sammie|Vayne|Iki|Suna|Mari|Zenith|Devotion|Alibezeh|Arytiss|Fillia|Acacia|Zail|Vee|Seventh Lady Adamant|Melody|Emma|Pax|Arthur|Samantha|Sharia|Melissandra|Kari|Erika|Seele|Alice|Liora|Victor|Firras|sophie rose|Dina|Amira|Seer|Kalayo|Sinew of Silversilk|Tara|Amon|charactername|Takako|Sugary|Morathi|Morathi2|Kane|Kane2|TESTONLY|Ulysses|Cherry|Rose|Iona|Gothhica|Hug Bug

1207525792142200902|1207552021561999390|1207675113504505867|1207524007415382047|1207518476013674506|1207854839921377300|1207875156249411665|1207897014600470558|1207523869909458954|1207541451227930664|1207892105171697685|1207517746418557062|1207521758014611528|1207517751166636072|1207517751166636072|1208260862029209631|1208260924947828756|1208056451214606346|1207918083008892948|1207518097410494507|1207839142273097778|1207521758014611528|1208280379941855242|1207753500008648724|1207678927967883325|1207590060955013143|1207590191783616552|1207618878717431828|1207699966601207878|1208023765917634591|1207902721102061629|1208384446722740265|1208396758531448952|1207538672275165246|1207539450377273404|1207699966601207878|1208023765917634591|1207539782952165467|1207870506984808490|1207529691356069909|1208448976995745843|1207590191783616552|1207618878717431828|1207699966601207878|1207539450377273404|1208512078739144734|1207699966601207878|1208513266192486470|1207517751166636072|1207870506984808490|1208260862029209631|1207590060955013143|1207678927967883325|1207523869909458954|1207541451227930664|1207719830539739157|1208560051518832750|1208564394573828176|1208566242508677180|1207532092603367485|1208448976995745843|1208591331769843713|1207590191783616552|1208600155738349609|1207590191783616552|1207839142273097778|1207521758014611528|1208674439865311273|1207618878717431828|1207871445405929532|1207871445405929532|1208023765917634591|1207618878717431828|1208782220861382706|1207539782952165467|1208513266192486470|1207699966601207878|1208787238327029760|1207529691356069909|1207753500008648724|1208280379941855242|1208260862029209631|1207870945377779774|1208787238327029760|1208782220861382706|1207590191783616552|1207699966601207878|1207839142273097778|1207529691356069909|1207870945377779774|1208787238327029760|1207552021561999390|1208280379941855242|1207525792142200902|1208260862029209631|1208895742358462474|1207854839921377300|1207753500008648724|1207518476013674506|1208591331769843713

1208254612864372756|1208254675707756566|1208254743269343244|1208254982130761728|1208256516763951114|1208258520538021979|1208260392615411712|1208260865367998505|1208264537246269441|1208269545593241630|1208279006236119060|1208318369745473556|1208324128420007966|1208332842153545728|1208369097407070268|1208384451432681482|1208413058821521408|1208418599295787098|1208427920314597487|1208435760521543700|1208466908085620737|1208500496801988658|1208512083000565840|1208513270806482964|1208536085567635537|1208542512520765460|1208543959014711357|1208558214740836413|1208570593381982318|1208591336232456252|1208600162042384425|1208618785741742131|1208640620906938378|1208674444592025652|1208715392562757773|1208773865145372714|1208782226070831124|1208786406743474329|1208787243381297162|1208798845761232897|1208813543911202856|1208836015695990914|1208843950568378468|1208845335565439136|1208881506219466933|1208884650752352367|1208890156887572510|1208895809345822743|1208908330014343178|1208911613940211772

-

7|8|-1|-1|7|9|-1|-1|10|10|-1|-1|0|1|8|8|-1|-1|-1|-1|8|5|6|10|10|10|8|3|6|5|-1|-1|-1|-1|8|5|1|7|9|8|8|10|0|0|-1|-1|9|8|-1|-1|7|-1|-1|-1|-1|-1|-1|-1|-1|-1|-1|10|0|-1|7|10|-1|-1|3|7|-1|-1|-1|8|-1|-1|7|10|7|0|5|8|10|10|-1|-1|-1|-1|-1|-1|-1|-1|-1|-1|-1|-1|-1|-1|-1|-1|-1|-1

24|19|24|11|24|15|25|24|16|12|24|24|24|24|24|15|3|24|24|24|24|24|23|24|3|24|16|16|18|25|24|24|24|1|24|18|24|16|24|24|24|24|14|2|0|0|4|18|10|0|0